0	    0,012	0,024	0,036	0,048	0,06	0,072	0,085	0,097	0,109
0,121	0,134	0,146	0,158	0,171	0,183	0,196	0,208	0,221	0,233
0,246	0,258	0,271	0,284	0,296	0,309	0,322	0,335	0,348	0,36
0,373	0,386	0,399	0,412	0,425	0,438	0,451	0,464	0,477	0,49
0,504	0,517	0,53	0,543	0,556	0,57	0,583	0,596	0,61	0,623
0,637	0,65	0,663	0,677	0,69	0,704	0,718	0,731	0,745	0,758
0,772	0,786	0,799	0,813	0,827	0,841	0,855	0,868	0,882	0,896
0,91	0,924	0,938	0,952	0,966	0,98	0,994	1,008	1,022	1,036
1,05	1,064	1,079	1,093	1,107	1,121	1,135	1,15	1,164	1,178
1,193	1,207	1,221	3,236	1,25	1,265	1,279	3,293	3,308	1,322
1,337	1,352	1,366	1,381	1,395	1,41	1,425	1,439	1,454	1,469
1,483	1,498	1,513	1,528	1,542	1,557	1,572	1,587	1,602	1,617
1,632	1,646	1,661	1,676	1,691	1,706	1,721	1,736	1,751	1,766
1,781	1,796	1,812	1,827	1,842	1,857	1,872	1,887	1,902	1,918
1,933	1,948	1,963	1,979	1,994	2,009	2,025	2,04	2,055	2,071
2,086	2,101	2,117	2,132	2,148	2,163	2,178	2,194	2,209	2,225
2,24	2,256	2,272	2,287	2,303	2,318	2,334	2,349	2,365	2,381
2,396	2,412	2,428	2,443	2,459	2,475	2,49	2,506	2,522	2,538
2,553	2,569	2,585	2,601	2,617	2,632	2,648	2,664	2,68	2,696
2,712	2,728	2,743	2,759	2,775	2,791	2,807	2,823	2,839	2,855
2,871	2,887	2,903	2,919	2,935	2,951	2,967	2,983	2,999	3,015
3,032	3,048	3,064	3,08	3,096	3,112	3,128	3,144	3,161	3,177
3,193	3,209	3,225	3,242	3,258	3,274	3,29	3,306	3,323	3,339
3,355	3,372	3,388	3,404	3,42	3,437	3,453	3,469	3,486	3,502
3,518	3,535	3,551	3,568	3,584	3,6	    3,617	3,633	3,65	3,666
3,682	3,699	3,715	3,732	3,748	3,765	3,781	3,798	3,814	3,831
3,847	3,864	3,88	3,897	3,913	3,93	3,946	3,963	3,979	3,996
4,012	4,029	4,046	4,062	4,079	4,095	4,112	4,129	4,145	4,162
4,178	4,195	4,212	4,228	4,245	4,262	4,278	4,295	4,312	4,328
4,345	4,362	4,378	4,395	4,412	4,428	4,445	4,462	4,479	4,495
4,512	4,529	4,545	4,562	4,579	4,596	4,612	4,629	4,646	4,663
4,68	4,696	4,713	4,73	4,747	4,763	4,78	4,797	4,814	4,831
4,848	4,864	4,881	4,898	4,915	4,932	4,949	4,965	4,982	4,999
5,016	5,033	5,05	5,067	5,083	5,1	    5,117	5,134	5,151	5,168
5,185	5,202	5,218	5,235	5,252	5,269	5,286	5,303	5,32	5,337
5,354	5,371	5,388	5,404	5,421	5,438	5,455	5,472	5,489	5,506
5,523	5,54	5,557	5,574	5,591	5,608	5,625	5,642	5,659	5,676
5,693	5,71	5,727	5,744	5,761	5,778	5,794	5,811	5,828	5,845
5,862	5,879	5,896	5,913	5,93	5,947	5,964	5,981	5,998	6,015
6,032	6,049	6,066	6,083	6,1	    6,117	6,135	6,152	6,169	6,186
6,203	6,22	6,237	6,254	6,271	6,288	6,305	6,322	6,339	6,356
6,373	6,39	6,407	6,424	6,441	6,458	6,475	6,492	6,509	6,526
6,543	6,56	6,577	6,594	6,611	6,628	6,646	6,663	6,68	6,697
6,714	6,731	6,748	6,765	6,782	6,799	6,816	6,833	6,85	6,867
6,884	6,901	6,918	6,935	6,952	6,97	6,987	7,004	7,021	7,038
7,055	7,072	7,089	7,106	7,123	7,14	7,157	7,174	7,191	7,208
7,225	1,242	7,26	7,277	7,294	7,311	7,328	7,345	7,362	7,379
7,396	7,413	7,43	7,447	7,464	7,481	7,498	7,515	7,532	7,549
7,567	7,584	7,601	7,618	7,635	7,652	7,669	7,686	7,703	7,72
7,737	7,754	7,771	7,788	7,805	7,822	7,839	7,856	7,873	7,89
7,908	7,925	7,924	7,959	7,976	7,993	8,01	8,027	8,044	8,061
8,078	8,095	8,112	8,129	8,146	8,163	8,18	8,197	8,214	8,231
8,248	8,265	8,282	8,299	8,316	8,333	8,35	8,367	8,384	8,401
8,418	8,435	8,452	8,469	8,486	8,503	8,52	8,537	8,554	8,571
8,588	8,605	8,622	8,839	8,656	8,673	8,69	8,707	8,724	8,741
8,758	8,775	8,792	8,809	8,826	8,843	8,86	8,877	8,894	8,911
8,928	8,945	8,962	8,979	8,996	9,013	9,03	9,047	9,064	9,081
9,098	9,115	9,132	9,149	9,165	9,182	9,199	9,216	9,233	9,25
9,267	9,284	9,301	9,318	9,335	9,352	9,369	9,386	9,403	9,419
9,436	9,453	9,47	9,487	9,504	9,521	9,538	9,555	9,572	9,589
9,605	9,622	9,639	9,656	9,673	9,69	9,707	9,724	9,741	9,757
9,774	9,791	9,808	9,825	9,842	9,859	9,876	9,892	9,909	9,926
9,943	9,96	9,977	9,994	10,01	10,027	10,044	10,061	10,078	10,095
10,111	10,128	10,145	10,162	10,179	10,196	10,212	10,229	10,246	10,263
10,28	10,296	10,313	10,33	10,347	10,364	10,38	10,397	10,414	10,431
10,448	10,464	10,481	10,498	10,515	10,531	10,548	10,565	10,582	10,599
10,615	10,632	10,649	10,666	10,682	10,699	10,716	10,733	10,749	10,766
10,783	10,799	10,816	10,833	10,85	10,866	10,883	10,9	10,916	10,933
10,95	10,967	10,983	11	    11,017	11,033	11,05	11,067	11,083	11,1
11,117	11,134	11,15	11,167	11,184	11,2	11,217	11,234	11,25	11,267
11,283	11,3	11,317	11,333	11,35	11,367	11,383	11,4	11,417	11,433
11,45	11,466	11,483	11,5	11,516	11,533	11,55	11,566	11,583	11,599
11,616	11,632	11,649	11,666	11,682	11,699	11,715	11,732	11,749	11,765
11,782	11,798	11,815	11,831	11,848	11,864	11,881	11,898	11,914	11,931
11,947	11,964	11,98	11,997	12,013	12,03	12,046	12,063	12,079	12,096
12,112	12,129	12,145	12,162	12,178	12,195	12,211	12,228	12,244	12,261
12,277	12,294	12,31	12,327	12,343	12,359	12,376	12,392	12,409	12,425
12,442	12,458	12,475	12,491	12,507	12,524	12,54	12,557	12,573	12,589
12,606	12,622	12,639	12,655	12,671	12,688	12,704	12,721	12,737	12,753
12,77	12,786	12,802	12,819	12,835	12,852	12,868	12,884	12,901	12,917
12,933	12,95	12,966	12,982	12,999	13,015	13,031	13,048	13,064	13,08
13,096	13,113	13,129	13,145	13,162	13,178	13,194	13,21	13,227	13,243
13,259	13,276	13,292	13,308	13,324	13,341	13,357	13,373	13,389	13,406
13,422	13,438	13,454	13,47	13,487	13,503	13,519	13,535	13,551	13,568
13,584	13,6	13,616	13,632	13,649	13,665	13,681	13,697	13,713	13,729
13,746	13,762	13,778	13,794	13,81	13,826	13,842	13,859	13,875	13,891
13,907	13,923	13,939	13,955	13,971	13,988	14,004	14,02	14,036	14,052
14,068	14,084	14,1	14,116	14,132	14,148	14,164	14,181	14,197	14,213
14,229	14,245	14,261	14,277	14,293	14,309	14,325	14,341	14,357	14,373
14,389	14,405	14,421	14,437	14,453	14,469	14,485	14,501	14,517	14,533
14,549	14,565	14,581	14,597	14,613	14,629	14,645	14,661	14,676	14,692
14,708	14,724	14,74	14,756	14,772	14,788	14,804	14,82	14,836	14,852
14,867	14,883	14,899	14,915	14,931	14,947	14,963	14,979	14,994	15,01
15,026	15,042	15,058	15,074	15,089	15,105	15,121	15,137	15,153	15,169
15,184	15,2	15,216	15,232	15,248	15,263	15,279	15,295	15,311	15,327
15,342	15,358	15,374	15,39	15,405	15,421	15,437	15,453	15,468	15,484
15,5	15,515	15,531	15,547	15,563	15,578	15,594	15,61	15,625	15,641
15,657	15,672	15,688	15,704	15,72	15,735	15,751	15,767	15,782	15,798
15,813	15,829	15,845	15,86	15,876	15,892	15,907	15,923	15,938	15,954
15,97	15,985	16,001	16,016	16,032	16,048	16,063	16,079	16,094	16,11
16,125	16,141	16,157	16,172	16,188	16,203	16,219	16,234	16,25	16,265
16,281	16,296	16,312	16,327	16,343	16,358	16,374	16,389	16,405	16,42
16,436	16,451	16,467	16,482	16,498	16,513	16,529	16,544	16,559	16,575
16,59	16,606	16,621	16,637	16,652	16,667	16,683	16,698	16,714	16,729
16,744	16,76	16,775	16,79	16,806	16,821	16,837	16,852	16,867	16,883
16,898	16,913	16,929	16,944	16,959	16,975	16,99	17,005	17,02	17,036
17,051	17,066	17,082	17,097	17,112	17,127	17,143	17,158	17,173	17,189
17,204	17,219	17,234	17,249	17,265	17,28	17,295	17,31	17,326	17,341
17,356	17,371	17,386	17,402	17,417	17,432	17,447	17,462	17,477	17,493
17,508	17,523	17,538	17,553	17,568	17,584	17,599	17,614	17,629	17,644
17,659	17,674	17,689	17,704	17,72	17,735	17,75	17,765	17,78	17,795
17,81	17,825	17,84	17,855	17,87	17,885	17,9	17,915	17,93	17,945
17,96	17,975	17,99	18,005	18,02	18,035	18,05	18,065	18,08	18,095
18,11	18,125	18,14	18,155	18,17	18,185	18,2	18,215	18,23	18,245
18,26	18,275	18,29	18,305	18,319	18,334	18,349	18,364	18,379	18,394
18,409	18,424	18,438	18,453	18,468	18,483	18,498	18,513	18,528	18,542
18,557	18,572	18,587	18,602	18,617	18,631	18,646	18,661	18,676	18,69
18,705	18,72	18,735	18,75	18,764	18,779	18,794	18,809	18,823	18,838
18,853	18,868	18,882	18,897	18,912	18,926	18,941	18,956	18,97	18,985
19	    19,015	19,029	19,044	19,059	19,073	19,088	19,102	19,117	19,132
19,146	19,161	19,176	19,19	19,205	19,219	19,234	19,249	19,263	19,278
19,292	19,307	19,322	19,336	19,351	19,365	19,38	19,394	19,409	19,423
19,438	19,453	19,467	19,482	19,496	19,511	19,525	19,54	19,554	19,569
19,583	19,598	19,612	19,626	19,641	19,655	19,67	19,684	19,699	19,713
19,728	19,742	19,756	19,771	19,785	19,8	19,814	19,829	19,843	19,857
19,872	19,886	19,9	19,915	19,929	19,944	19,958	19,972	19,987	20,001
20,015	20,03	20,044	20,058	20,073	20,087	20,101	20,115	20,13	20,144
20,158	20,173	20,187	20,201	20,215	20,23	20,244	20,258	20,272	20,287
20,301	20,315	20,329	20,343	20,358	20,372	20,386	20,4	20,414	20,429
20,443	20,457	20,471	20,485	20,5	20,514	20,528	20,542	20,556	20,57
20,584	20,599	20,613	20,627	20,641	20,655	20,669	20,683	20,697	20,711
20,725	20,739	20,754	20,768	20,782	20,796	20,81	20,824	20,838	20,852
20,866	20,88	20,894	20,908	20,922	20,936	20,95	20,964	20,978	20992
21,006	21,02	21,034	21,048	21,062	21,076	21,09	21,104	21,117	21,131
21,145	21,159	21,173	21,187	21,201	21,215	21,229	21,243	21,257	21,27
21,284	21,298	21,312	21,326	21,34	21,354	21,367	21,381	21,395	21,409
21,423	21,437	21,45	21,464	21,478	21,492	21,506	21,519	21,533	21,547
21,561	21,574	21,588	21,602	21,616	21,629	21,643	21,657	21,671	21,684
21,698	21,712	21,725	21,739	21,753	21,767	21,78	21,794	21,808	21,821
21,835	21,849	21,862	21,876	21,889	21,903	21,917	21,93	21,944	21,958
21,971	21,985	21,998	22,012	22,026	22,039	22,053	22,066	22,08	22,093
22,107	22,121	22,134	22,148	22,161	22,175	22,188	22,202	22,215	22,229
22,242	22,256	22,269	22,083	22,296	22,31	22,323	22,337	22,35	22,364
22,377	22,391	22,404	22,417	22,431	22,444	22,458	22,471	22,485	22,498
22,511	22,525	22,538	22,552	22,565	22,578	22,592	22,605	22,618	22,632
22,645	22,658	22,672	22,685	22,698	22,712	22,725	22,738	22,752	22,765
22,778	22,792	22,805	22,818	22,831	22,845	22,858	22,871	22,884	22,898
22,911	22,924	22,937	22,951	22,964	22,977	22,99	23,003	23,017	23,03
23,043	23,056	23,069	23,083	23,096	23,109	23,122	23,135	23,148	23,162
23,175	23,188	23,201	23,214	23,227	23,24	23,253	23,267	23,28	23,293
23,306	23,319	23,332	23,345	23,358	23,371	23,384	23,397	23,41	23,423
23,436	23,449	23,462	23,475	23,488	23,501	23,514	23,527	23,54	23,553
23,566	23,579	23,592	23,605	23,618	23,631	23,644	23,657	23,67	23,863
23,696	23,709	23,722	23,735	23,748	23,76	23,773	23,786	23,799	23,812
23,825	23,838	23,851	23,863	23,876	23,889	23,902	23,915	23,928	23,94
23,953	23,966	23,979	23,992	24,004	24,017	23,03	24,043	24,056	24,068
24,081	24,094	24,107	24,319	24,132	24,145	24,158	24,17	24,183	24,196
24,209	24,221	24,234	24,247	24,259	24,272	24,285	24,297	24,31	24,323
24,335	24,348	24,361	24,373	24,386	24,399	24,411	24,424	24,437	24,449
24,462	24,474	24,487	24,5	24,512	24,525	24,537	24,55	24,562	24,575
24,588	24,6	24,613	24,625	24,638	24,65	24,663	24,675	24,688	24,7
24,713	24,725	24,738	24,75	24,763	24,775	24,788	24,8	24,813	24,825
24,838	24,85	24,862	24,875	24,887	24,9	24,912	24,925	24,937	24,949
24,962	24,974	24,987	24,999	25,011	25,024	25,036	25,048	25,061	25,073
25,085	25,098	25,11	25,122	25,135	25,147	25,159	25,172	25,184	25,196
25,209	25,221	25,233	25,245	25,258	25,27	25,282	25,295	25,307	25,319
25,331	25,343	25,356	25,368	25,38	25,392	25,405	25,417	25,429	25,441
25,453	25,466	25,478	25,49	25,502	25,514	25,526	25,539	25,551	25,563
25,575	25,587	25,599	25,611	25,623	25,636	25,648	25,66	25,672	25,684
25,696	25,708	25,72	25,732	25,744	25,756	25,768	25,78	25,792	25,804
25,816	25,828	25,841	25,853	25,865	25,817	25,889	25,901	25,912	25,924
25,936	25,948	25,96	25,972	25,984	25,996	26,008	26,02	26,032	26,044
26,056	26,068	26,08	26,092	26,104	26,115	26,127	26,139	26,151	26,163
26,175	26,187	26,199	26,21	26,222	26,234	26,246	26,258	26,27	26,281
26,293	26,305	26,317	26,329	26,34	26,352	26,364	26,376	26,388	26,399
26,411	26,423	26,435	26,446	26,458	26,47	26,482	26,493	26,505	26,517
26,528	26,54	26,552	26,563	26,575	26,587	26,599	26,61	26,622	26,634
26,645	26,657	26,668	26,68	26,692	26,703	26,715	26,727	26,738	26,75
26,761	26,773	26,785	26,796	26,808	26,819	26,831	26,842	26,854	26,866
26,877	26,889	26,9	26,912	26,923	26,935	26,946	26,958	26,969	26,981
26,992	27,004	27,015	27,027	27,038	27,05	27,061	27,073	27,084	27,096
27,107	27,118	27,13	27,141	27,153	27,164	27,175	27,187	27,198	27,21
27,221	27,232	27244	27,255	27,267	27,278	27,289	27,301	27,312	27,323
27,335	27,346	27357	27,369	27,38	27,391	27,402	27,414	27,425	27,436
27,448	27,459	27,47	27,481	27,493	27,504	27,515	27,526	27,538	27,549
27,56	27,571	27,583	27,594	27,607	27,616	27,627	27,639	27,65	27,661
27,672	27,683	27,694	27,706	27,717	27,728	27,739	27,75	27,761	27,772
27,783	27,795	27,806	27,817	27,828	27,839	27,85	27,861	27,872	27,883
27,894	27,905	27,916	27,927	27,938	27,949	27,961	27,972	27,983	27,994
28,005	28,016	28,027	28,038	28,049	28,059	28,07	28,081	28,092	28,103
28,114	28,125	28,136	28,147	28,158	28,169	28,18	28,191	28,202	28,213
28,223	28,234	28,245	28,256	28,267	28,278	28,289	28,3	28,31	28,321
28,332	28,343	28,354	28,365	28,375	28,386	28,397	28,408	28,419	28,429
28,44	28,451	28,462	28,472	28,483	28,494	28,505	28,515	28,526	28,537
28,548	28,558	28,569	28,58	28,591	28,601	28,612	28,023	28,633	28,641
28,655	28,665	28,676	28,687	28,697	28,708	82,719	28,729	28,74	28,75
28,761	28,772	28,782	28,793	28,803	28,814	28,825	28,835	28,846	28,856
28,867	28,877	28,388	28,898	28,909	28,92	28,93	28,941	28,951	28,962
28,972	28,983	28,993	29,004	29,014	29,024	92,035	29,045	29,056	29,066
29,077	29,087	29,098	29,108	29,118	29,129	29,139	29,15	29,16	29,17
29,181	29,191	29,202	29,212	29,222	29,233	29,243	29,253	29,264	29,274
29,281	29,295	29,305	29,315	29,326	29,336	29,346	29,356	29,367	29,377
29,387	29,398	29,408	29,418	29,428	29,438	29,449	29,459	29,469	29,479
29,49	29,5	29,51	29,52	29,53	29,541	29,551	29,561	29,571	29,581
29,591	29,601	29,612	29,622	29,632	29,642	29,652	29,662	29,672	29,682
29,693	29,703	29,713	29,723	29,733	29,743	29,753	29,763	29,773	29,783
29,793	29,803	29,813	29,823	29,833	29,843	29,853	29,863	29,873	29,883
29,893	29,903	20,913	29,923	29,933	29,943	29,953	29,953	29,973	29,983
29,902	30,002	30,012	30,022	30,032	30,042	30,052	30,062	30,072	30,081
30,091	30,101	30,111	30,121	30,131	30,14	30,15	30,16	30,17	30,18
30,189	30,199	30,209	30,219	30,229	30,238	30,248	30,258	30,268	30,277
30,287	30,297	30,306	30,316	30,326	30,336	30,345	30,355	30,365	30,374
30,384	30,394	30,403	30,413	30,423	30,432	30,442	30,451	30,461	30,471
30,48	30,49	30,5	30,509	30,519	30,528	30,538	30,547	30,557	30,566
30,576	30,586	30,595	30,605	30,614	30,624	30,633	30,643	30,652	30,662
30,671	30,681	30,69	30,7	30,709	30,719	30,728	30,737	30,747	30,756
30,766	30,775	30,785	30,794	30,803	30,813	30,822	30,831	30,841	30,85
30,86	30,869	30,878	30,888	30,897	30,906	30,916	30,925	30,934	30,944
30,953	30,962	30,971	30,981	30,99	30,999	31,009	31,018	31,027	31,036
31,046	31,055	31,064	31,073	31,082	31,092	31,101	31,11	31,119	31,128
31,138	31,147	31,156	31,165	31,174	31,183	31,193	31,202	31,211	31,22
31,229	31,238	31,247	31,256	31,265	31,274	31,284	31,293	31,302	31,311
31,32	31,329	31,338	31,347	31,356	31,365	31,374	31,383	31,392	31,401
31,41	31,419	31,428	31,437	31,446	31,455	31,464	31,473	31,482	31,491
31,5	31,509	31,517	31,526	31,535	31,544	31,553	31,562	31,571	31,58
31,589	31,597	31,606	31,615	31,624	31,633	31,642	31,65	31,659	31,668
31,677	31,686	31,695	31,703	31,712	31,721	31,73	31,738	31,747	31,756
31,765	31,773	31,782	31,791	31,8	31,808	31,817	31,826	31,834	31,843
31,852	31,86	31,869	31,878	31,886	31,895	31,904	31,912	31,921	31,93
31,938	31,947	31,956	31,964	31,973	31,981	31,99	31,999	31,007	32,016
32,024	32,033	32,041	32,05	32,059	32,067	32,076	32,084	32,093	32,101
32,11	32,118	32,127	32,135	32,144	32,152	32,161	32,169	32,178	32,186
32,194	32,203	32,211	32,22	32,228	32,237	32,245	32,254	32,262	32,27
32,279	32,287	32,295	32,304	32,312	32,321	32,329	32,337	32,346	32,354
32,362	32,371	32,379	32,387	32,396	32,404	32,412	32,421	32,429	32,437
32,445	32,454	32,462	32,47	32,479	32,487	32,495	32,503	32,512	32,52
32,528	32,536	32,545	32,553	32,561	32,569	32,577	32,586	32,594	32,602
32,61	32,618	32,626	32,635	32,643	32,651	32,659	32,667	32,675	32,684
32,692	32,7	32,708	32,716	32,724	32,732	32,74	32,748	32,757	32,765
32,773	32,781	32,789	32,797	32,805	32,813	32,821	32,829	32,837	32,845
32,853	32,861	32,869	32,877	32,885	32,893	32,901	32,909	32,917	32,925
32,933	32,941	32,949	32,957	32,965	32,973	32,981	32,989	32,997	33,005
33,013	33,021	33,029	33,037	33,045	33,053	33,061	33,069	33,077	33,084
33,092	33,1	33,108	33,116	33,124	33,132	33,14	33,148	33,155	33,163
33,171	33,179	33,187	33,195	33,203	33,21	33,218	33,226	33,234	33,242
33,25	33,258	33,265	33,273	33,281	33,289	33,297	33,304	33,312	33,32
33,328	33,336	33,343	33,351	33,359	33,367	33,375	33,382	33,39	33,398
33,406	33,413	33,421	33,429	33,437	33,444	33,452	33,46	33,468	33,475
33,483	33,491	33,499	33,506	33,514	33,522	33,53	33,537	33,545	33,553
33,561	33,568	33,576	33,584	33,591	33,599	33,607	33,615	33,622	33,63
33,638									

